img0000.jpg: 857139 | 50; 2013; 161; 35; 22 | 33; 1990; 1993 | 6; 630; 6774; 4209; 2430; 1510; 523; 325; 2912; 9; 909; 565
img0001.jpg: 165595 | 2006; 2010; 2011; 18; 1 | 847; 855; 1534; 1549; 1559; 1565; 1623; 1644; 1929 | 1650; 44; 0; 12000; 23000; 1630; 5; 10; 2
img0002.jpg: 936359 | 1972 | 
img0003.jpg: 928952 | 2009; 1958; 1958; 1959; 1965 | 1961 | 5; 7; 1922; 64; 57.1; 6; 1922; 8; 1922
img0004.jpg: 621258 | 1950; 1988 | 1943; 1919
img0005.jpg: 509775 | 2020; 138; 30 | 10.4; 2009; 5; 13.5 |  | 
img0006.jpg: 807864 | 20; 1901; 10000; 1991 |  | 1975
img0007.jpg: 689169 | 240 | 201; 2010 | 2007; 2012
img0008.jpg: 703129 | 1980; 4000 |  | 4
img0009.jpg: 822936 | 4; 406 | 30; 2019 | 
img0010.jpg: 430420 | 1915; 1917; 30 | 1995; 140
img0011.jpg: 284453 |  | 1800; 1971; 2002; 2011; 1; 42; 1
img0012.jpg: 264581 | 1998; 1700; 4; 211000 | 172; 2015; 3; 121; 2007; 2629; 11
img0013.jpg: 988008 | 1932; 1933; 8.7; 11; 17; 1939; 91; 95; 22; 1941 | 75; 2005; 10; 2006
img0014.jpg: 244297 | 10; 22; 2012; 24.4; 2000; 2005; 2013 | 1903; 60965; 60553; 45439; 15114; 73; 30; 3; 1892; 464
img0015.jpg: 22; 547 | 3050; 120; 2021 |  | 7
img0016.jpg: 664695 | 15 | 27; 36 | 
img0017.jpg: 860213 | 55 | 1521; 1550; 1; 1670; 1766; 1
img0018.jpg: 42688 | 1964; 27; 1971 | 50; 19; 11; 2019; 12 | 
img0019.jpg: 848929 | 2005; 2010 | 78.3; 3000
img0020.jpg: 412710 | 2000; 1971; 2000; 2011 | 1947; 21; 10; 1979 | 
img0021.jpg: 791208 | 35; 2005; 9; 2000; 2010 | 2
img0022.jpg: 785340 |  | 1995 | 2008; 2008
img0023.jpg: 623992 |  | 14
img0024.jpg: 103716 | 60; 1935; 1936 | 2007; 2070; 2012; 2014; 2018.2015; 2015
img0025.jpg: 701138 | 1968; 1968 | 241; 201; 2012 | 2018
img0026.jpg: 376515 | 1997; 1999 | 1911; 2002; 2002
img0027.jpg: 891034 |  | 1998; 2012 | 169; 19; 150; 19
img0028.jpg: 947793 | 14; 55 | 1990; 19000 | 450; 4; 406
img0029.jpg: 444681 | 140; 12; 32; 2345; 905567 | 18; 18; 18 | 2; 185; 1358
img0030.jpg: 866928 | 172; 2014; 2014; 2015; 2017; 1998; 2002
img0031.jpg: 482630 | 2000; 500; 530; 1472; 1474 |  | 17; 2020
img0032.jpg: 869025 | 5; 55; 1650; 56 | 1; 100; 100; 243 | 1969; 1970
img0033.jpg: 68529 | 51.6; 42.1; 63; 2015; 57; 38; 2.5; 64; 35; 5 | 
img0034.jpg: 216611 | 2009; 2010; 2011; 2012; 2013; 2009; 17; 2013 | 2; 2; 3; 3; 759; 472; 2014; 1.5
img0035.jpg: 10; 13; 1000 | 1516; 1526; 1536
img0036.jpg: 387376 | 1944 | 202; 229; 2017; 240; 2020; 2000; 130; 2017; 10
img0037.jpg: 876299 | 29; 2011; 15 | 1950; 1955 | 1983; 2; 1982; 1982
img0038.jpg: 338351 | 2017; 2016; 2015; 48.6; 70; 1965; 1970; 2015; 29; 2017 | 8; 12; 2008; 2005
img0039.jpg: 739272 | 3; 2019; 52; 190 | 15 | 19701; 0; 8000; 3000; 700; 1500
img0040.jpg: 697317 | 2010; 2.2; 2006; 23.12; 61.81; 10000; 82.08; 2014; 83.27; 77.95; 7; 100000.1; 2006; 25; 10000; 27.6; 73.8; 10000; 2011; 12; 10000; 28; 10000
img0041.jpg: 233218 | 29 | 8.5; 9
img0042.jpg: 578119 |  | 260; 200; 12; 18; 2018 | 7
img0043.jpg: 396543 |  | 2013 | 2016; 4.7 | 2; 11; 2002; 2002; 1441; 2003; 2003; 2007
img0044.jpg: 242291 | 2014; 2015; 2017 | 14 | 107; 10000
img0045.jpg: 382311 | 1860; 20; 1998; 2008 | 1555; 1632; 17; 1555; 1603
img0046.jpg: 195065 | 840; 15; 16; 50; 4; 5 | 3.65; 10; 142; 172; 57000
img0047.jpg: 826579 | 3; 1791 | 1664; 17; 18 | 1922; 20 | 
img0048.jpg: 295341 | 2000; 2006; 2011; 57; 45; 466; 2000; 65.4; 2021 | 28251; 126; 26660; 1609; 1000
img0049.jpg: 342619 | 2012; 2016 | 13.1; 1998; 78; 1999; 0.8; 2007; 2019; 4; 6; 2008; 2009; 2011; 1997; 2019; 9.41 | 
img0050.jpg: 437660 |  | 150; 35; 22
img0051.jpg: 62260 |  | 2008; 2002; 10; 13; 2018; 9.07; 10; 9; 172; 46; 43; 81 | 3300; 30; 32; 23; 24; 2100
img0052.jpg: 775584 | 7; 627; 649; 746 | 1200; 2100; 1550; 900 | 20; 19; 20; 1900
img0053.jpg: 3562 | 9.5; 15; 3096; 49 |  | 900; 5094
img0054.jpg: 143761 |  |  | 1969
img0055.jpg: 726539 |  | 1869; 26; 1885 | 1930; 1934; 39; 1938
img0056.jpg: 659843 | 1960; 1964; 1976; 1978; 10; 1978 | 1946; 1949; 1950 |  | 53.18; 1991; 2016; 65.37
img0057.jpg: 956589 | 12; 13; 13; 1212; 1263; 1218; 1254 | 2000; 1000; 14 | 1922
img0058.jpg: 355338 | 9; 720; 63; 5; 7; 1096; 1099; 1291; 19 | 2002
img0059.jpg: 123747 | 500; 2002; 330; 2007; 8; 5; 6; 1950; 1970; 1980; 90